        841
        691
        134
        306
        -75
        290
        642
        432
        672
        -78
        561
        808
         -7
        383
        859
        624
        -80
         46
        -58
        223
         18
         31
        601
        334
        865
        893
        334
        312
        298
        567
        670
        823
        889
        316
         42
        967
        992
        676
        -11
        623
        193
        996
        829
         -9
         10
        648
        156
        847
        594
        127
        388
        -22
        378
         60
        471
        772
         73
        217
        362
        755
        774
        740
         64
        386
        313
        603
        987
        579
         77
        696
        287
        981
        593
        746
        494
        114
        585
        632
        585
        695
        828
        740
        550
        860
        524
        925
        426
        864
        134
        -98
        -90
        -64
        469
        398
        525
        428
        494
        160
        657
        682
         10
        543
        560
        524
        936
        788
        826
        726
        349
        753
        754
        585
        834
         22
        589
        439
        737
        231
        494
        250
        481
        448
        -47
        984
        904
        702
        391
        341
        882
        291
        800
        629
        320
        353
        152
        582
        755
        228
        422
        891
        -96
        709
        943
        235
        813
        744
        648
        -41
        -78
        806
        472
        266
        757
        892
        676
        587
        935
        480
        828
        -50
        -15
        -71
         67
        580
         76
        686
        652
        829
        117
        140
        509
        180
        736
        765
         16
        -94
        148
        794
        977
        141
        329
        -86
        730
         48
        -42
        929
        507
        -12
        394
        819
        403
        993
        386
        205
        371
        538
        420
        866
         38
        608
